42.8606134601964	-8.65240309259478
32.07685361	20.05286026
40.66943148	-73.99371342
32.757297	12.7221158
-7.0E-7	-90.5000001
34.06158973876	-118.008603103865
32.07185192	20.09862436
40.51462295	-74.39412255
47.6363252760486	-97.4633405457388
40.8568772668577	-77.4917180759618
28.43456393	-81.30083227
27.8964147	-81.8431374
35.1112478	-81.2264646
32.88949	13.2129338
32.07700045	20.05271638
44.3580348	-89.0859464
32.8696686	13.1405689
51.2154150689049	12.3074926948321
32.07684791	20.05294821
32.8506015	13.1567645
31.3430162	34.3066375
40.75476859	-73.97336789
32.8503426	13.1570295
32.76919174	12.73495004
37.03339	43.0646
32.8995837192943	-85.4006876431206
32.08804539	20.10252719
42.06765831	-71.02209592
32.8827454	13.2019081
38.7418283880277	-13.1389951394101
41.6235723929232	-75.710102824421
41.48217634	-95.33507114
41.8812796	-87.665789
35.91025915	-86.38414437
32.05611837	20.08096516
35.117945	-85.0568815
27.28138257	-82.4496377
32.0958886	20.1019842
40.3631105443503	-83.7641349340867
43.0220326768979	-88.7764435302135
43.7500898956906	-85.1447320461429
-41.6058329054336	157.688143412989
43.4516552	-80.4924615
40.94813257	-83.37653002
32.08549018	23.97243469
30.32839528	-95.27224661
-22.4999563	-179.6000401
32.89584	13.19926
45.5373149666423	-122.39543946796
45.0484100847235	-93.2472075604597
17.24217	-88.76468
35.220446	-80.930963
32.1726973996371	-96.8854227209655
32.37568427	15.08994118
36.0370156	-115.06882586
30.3270834	-81.6623237
36.038004	-115.227771
34.0622222	-93.6897222
54.9424257	-2.74330898
51.544795	0.63063
32.07685283	20.05285548
14.4221501	121.009407
31.4399019	-95.350778
38.0439728944227	32.600740824722
32.91788238	-97.21051012
44.9818107	17.9124235
31.7368197	35.1665904
38.46496679	-77.60093579
32.1094614	20.0713178
31.563409567096	34.9760290315634
38.2483409129937	23.9989867250289
12	8.52
32.07683698	20.05288252
33.04347816	-96.81262914
32.81900279	13.1831503
38.88435128	-77.1001842
29.559854	-104.368134
47.6411124	-122.3741739
32.07681631	20.05294461
40.90581858	-98.34306026
32.1862888659802	34.9772346744352
32.02402872	20.05004019
32.35452996	15.08891659
42.6588439	21.1620685
32.33564377	-106.8082962
32.8811308	13.1903083
-15.42460838	28.28016726
37.6625948	-82.9637774
33.47513161	-86.83669534
52.4577615	-2.1474345
30.59231807	-96.3179031
32.8337742	13.2430063
40.6872632	-91.0601429
54.8686111	26.9372222
25.2852523	51.5268371
34.63649117	-86.46686261
44.94748618	-93.33935146
51.5160558	-0.1640546
62.45617909	-114.37384176
0.5595276	29.326039
32.07185995	20.09863234
38.681474	-90.2259364
34.2638185729285	-88.7298214675207
51.8629188	-2.2466485
32.082097	20.0637703
42.3522315914587	44.0859322208054
40.91238531	-74.00405999
33.8395486	-84.3793711
36.8963719	-113.4041186
32.08786881	20.1022715
25.88099699	-80.1245733
38.9906657	-77.026088
39.3708927	-84.2132698
52.8248643	-0.0019029
29.7853976801136	-95.6426257925067
14.5125717	120.9651696
34.75273173	-82.31603008
-37.4505819	135.6037877
36.2431745419157	-93.119879127119
35.6019910129558	-84.4711909994282
32.07189037	20.09865332
45.25355752	-75.74026038
52.7403076287082	6.73593819110746
53.55833	9.88797
39.88043178	-83.08620276
34.1839723	-118.6530987
44.6683847692289	-88.8790394231371
32.07685377	20.05285986
32.88219659	13.19700429
45.065417429619	-93.966828687172
39.716285	140.129743
32.07684594	20.05281997
34.43573929	35.83187036
39.04873924	-84.51012927
37.6056575	-82.3243095
40.7891355451882	-80.143092457127
32.0768555	20.05286146
40.5527088622785	-81.9141056234669
36.4483333	-93.9738889
47.25077222	-122.21929889
32.08807912	20.10253447
44.6526084	17.9574892
32.07692272	20.05294452
32.07684425	20.05285363
29.52491919	-98.41706241
25.006459	-80.521724
38.27312	-98.5821872
32.019519	20.06187712
42.8621733805365	-84.908925922217
47.5963215	-122.145883
32.12252632	20.08814012
57.2181898	55.2714437
54.033020918241	9.34942749820606
55.9483721	-3.1932723
43.7469138	-105.4705476
52.083333	-2.75
30.6765	-112.007
40.36181585	-75.07138935
32.0491355	20.0236712
32.07685434	20.05285812
32.74636852	12.57189155
21.28538895	-157.69592285
32.88550855	13.19385118
32.06559839	20.08742698
30.5897799013927	-95.1307202120227
32.0768439	20.05285333
32.135728	-81.206545
51.2427782497423	3.2154453620916
32.6667860704467	-80.2330792407947
42.636199	-71.907854
44.5907989	-89.7673452
36.8656009	-87.4886186
39.92637504	-82.01913267
36.4632514265692	-86.6656140726687
36.9990093187017	-97.0176387692751
38.2876113	140.8592327
32.1099356	20.1238351
32.0767832	20.05294243
28.3611295497919	-16.9329342310046
-0.525363557187282	36.721994063323
42.7287821495632	-87.8072684870854
39.392089	-78.0900645
51.2629479311083	-1.0988259944398
33.7811288	-84.3863247
32.88795417	13.18215055
32.01966614	20.06184845
53.26376	6.30778
32.88807738	13.17654596
44.8764453336957	-93.2817670271697
39.962398	-76.727392
38.5042960197503	-122.468066622499
51.9388191143344	4.46215957155318
33.5397490756293	-86.7371296154904
32.07674661	20.05282667
33.755618	-84.3894435
32.51306866	-92.15129377
30.3038845731153	-93.2051108783082
32.07685514	20.05285813
32.1098822	20.1238142
59.9448037823962	17.7135985752814
36.358332171725	-92.3450145007571
37.1765973	-94.3103429
51.0834196	10.4234469
32.8880615	13.1763352
50.6100076	-1.3494857
32.89544374	13.19930077
40.9106541	-73.5620689
32.2973697	-85.1688255
35.36386447	139.62428145
47.72154537	-122.17077587
32.8552377	13.2061205
40.69342289	-111.95533193
39.3763841033199	-104.839733420995
32.0884717	20.0951462
29.5248196	-98.41713144
51.95032	6.41289
32.1145862	20.0605316
11.5631965	104.9328753
32.1152385	20.0656518
52.2279752	21.0246263
52.798221	-6.1540035
24.43023541	54.6433321
51.47933914	-0.195307
32.89803055	13.2327257
52.3675749875815	-4.10112316671614
14.6620828483444	121.108076317179
32.18636116351	34.9775350325601
36.1930409999966	-115.148284002266
49.2995474204216	-122.698633997643
18.5749835	-72.3209086
32.07695029	20.05288485
7.62785	4.19493
41.8433350633609	-87.7909255746271
32.0768328	20.05283695
51.5159290933267	7.47535983190588
35.7155396	139.5119097
32.88773346	13.17664146
42.06750314	-71.02207876
32.07707778	20.05270673
32.88488278	13.19354278
45.60962225	-74.5978007
33.6503485624846	-97.205318303438
-26.14912038	28.01455118
32.88979002	13.17305493
27.8377	21.5466
50.7537297061574	-3.27478565769646
19.7067972	-155.0813821
37.093608	-84.607338
53.4619063796616	9.95091928004309
32.3752267	15.0907387
32.1092759	20.063556
37.78905407	-88.831801
39.4691035275379	-77.3567003952921
33.3955	-111.7377465
45.380061	20.3933739
32.843949	13.2382191
41.776141	-88.45233
32.12246538	20.08817447
39.9494581679804	-75.3038378933744
40.0712218	-74.8648859
42.0878834	-71.0351871
50.0379807	19.2264028
32.07699463	20.05279742
39.59	-104.9866667
40.0792101115069	-80.8996217872891
45.1403085	-76.1460109
35.9494229572214	-94.4181373012993
32.76463151	12.72598911
34.0095624	-84.27567746
29.4871481095448	-95.1091361291622
42.176389	20.728056
32.1098124	20.0708744
27.3439746	-80.3914469
40.22985199	-77.14396761
41.8903153	-87.63555555
56.5158473639096	-2.87654088285848
39.00923087	-104.80374466
42.1887721	-120.345792
32.1080941	20.0836647
32.0877721	20.1087363
44.1941528	-103.5049119
32.1254976	20.0838183
21.9102778	-159.5872222
3.91616326261033	109.530932994117
34.5	69.416667
31.410163	-98.0350296
39.0488236	-84.51039766
7.1554752604366	-73.1113323196594
42.0677639	-71.02206017
44.02732255	-88.54644333
29.73555432	-95.64461134
45.9170236307424	-122.747687549451
29.95285122	-90.18342174
3.9161170879931	109.531188560021
51.9464129	-0.2791646
32.111511	20.085253
44.8306805627348	-74.5119076440293
32.37198243	15.08498968
28.9237666087791	-81.9298375746722
32.07296308	20.04937208
39.3801036	-83.8067913
34.18283486	-86.09758076
32.1084725	20.073905
32.88509061	13.19397374
40.7360449612441	-73.9996725208467
39.2607978948966	-76.6343719223526
32.02376854	20.05050707
34.2463833747022	75.103760746791
39.2212171	-77.0599789
48.0581762210446	-115.968943075173
32.87652218	13.18792753
41.4731186329091	-81.8533363754698
46.4713468	30.7296333
33.90385021	-118.01736832
43.8465206666667	-79.2832297833333
32.8871115	11.9841121
41.5251035	-71.1327215
41.2032758	-73.9797785
32.8901078	13.1883981
35.2136559505632	-94.2403871612929
32.88110366	13.20284301
37.96020564	-91.79258925
32.9122186636341	-93.7044602665241
32.07698562	20.05295835
39.158168	-75.5243682
30.3720791	-97.6975534
34.0667861	-117.3142673
40.859769	-73.926199
49.1082487558922	6.19594507229941
29.67703338	-97.65319295
38.234873609926	-85.4333745973395
29.526974619827	-95.771161829673
-33.9931108	22.5796444
39.7826095	-75.8754973
33.6451632417632	-85.4967910349732
-16.680882	-49.2532691
54.0000002	-106.0000003
31.915707	35.217118
32.07673425	20.05304435
40.75899885	-73.97932121
29.5635666	-95.2860474
33.9137085	-98.4932873
24.6195265732079	-13.3001630857244
32.88823281	13.17656158
41.7436803378356	-73.5770184020866
50.2203581	12.3279584
19.4275052	-99.19343688
40.859773	-73.926209
42.8773224	-73.7886038
54.6951414183895	-1.84002973674558
35.0561603352361	-89.6930535843751
38.0468595	-97.3447443
40.4167047	-3.7035825
42.9767255	-78.5919709
35.6481858692103	-88.8309060446768
45.0107269042328	4.32898420741497
40.60628804	-74.71909314
32.10166	20.08634
38.86112146	-77.23005301
42.06779805	-71.02216232
37.0023102	-94.4329599
32.88931737	13.16711645
47.3177594	-122.3725321
42.53006318	-71.24058115
29.71250202	-95.22286807
34.3749141	73.4697554
33.8559403665474	-84.0041526573912
32.0561007	20.0531851
51.5882332	-2.9974967
20.995753161574	-158.110978009671
33.1384488	-96.1108066
13.7253522	100.397549
26.4550394144317	-80.0904083236932
53.958203301102	-1.05944406410757
38.91730361	-77.02698553
62.8666280757213	-96.0818137535646
36.5934092	-87.6139415
33.797038100787	-118.059046047651
38.4729800474547	-81.8124773475976
41.9282350380807	1.92826062188128
36.0373036	-94.5110517
40.0149856	-105.2705456
52.1139197033976	-9.72524859652746
32.12586431	20.08861044
52.0032498414952	-0.266499737886379
40.9722858	-79.9711669
35.7428302026089	-81.3232652996369
40.7213352	-111.9382706
27.7886375	-82.7523234
29.972722	-95.4871621
36.2121719863747	-120.073191949928
43.0409202350325	-76.1437678681561
51.5080489730794	-0.0760405941217587
47.3313122836216	-122.593825280571
32.8838145	13.1817456
7.39368519061862	-66.2563386224572
12.9268057733902	121.709082588341
35.9635337191142	-78.5152350115754
38.8937638245679	-107.924725689142
45.4834440446362	-73.8761897326531
52.3150775101902	5.02337535412128
5.75942359	-0.22004618
30.7005238984246	-88.1763919947759
52.92539849	-0.06174141
41.06122888	-80.04130512
52.8513327	11.1585011
-16.7401156	-43.877333
51.15538391	-0.16901957
32.0768567	20.0630392
40.9699889	-77.7278831
32.88262884	13.23707076
40.8270448	-73.975594
33.8659256527779	-84.683827668807
30.5707464889868	-97.8582628418514
32.07682879	20.05282867
43.9272663569018	-100.301123524039
35.23922351	-79.20629488
39.2939714	-80.8256612
32.07313194	20.05570561
34.10739861	-118.31515739
48.2961924671166	-122.632596223289
33.9244961563905	-117.205046894088
32.07672952	20.05278208
51.0998688	17.0549623
18.789139	98.9857246
39.859767	-86.6425036
37.8986512	-92.0548865
52.24647	6.48831
45.4307338013653	-122.620156641294
29.5074538	-95.0949303
32.07680294	20.05280228
32.09027594	20.11223427
32.7510727	22.66532075
39.2410240013953	-114.867771726618
38.3600687824068	-121.969596817741
44.8325194732211	-68.7904095771028
41.5640201985733	-91.535474426243
28.811648	-81.267953
32.08811951	20.26780045
47.9515165304202	-116.648753672066
45.5228939	-122.989827
32.05026135	20.04036605
36.9233418526232	-76.2456141771806
28.6274731	-81.3656378
38.9579119	-94.6221832
35.8361428840369	-78.8351339296361
-2.25	105.3
-35.0488406095426	138.868407863266
35.78598647	-78.67574821
38.0593642	-121.7332878
49.453039303716	8.11018669164734
40.7573238	-73.995417
33.9774017	-118.4508018
30.503929	-84.327696
59.814970734066	5.48348566521705
-2.00038542550178	29.9243797142823
44.4371839	-90.911258
47.4928843806316	-122.215697569034
-54.4071064	-67.8974895
29.67765768	-97.65336287
53.09465	6.366
30.8173008	-83.3194582
45.4370699	-73.6889608
18.2610771939546	-72.4026845195089
51.7832900976567	0.576983492254897
34.2114666361347	-77.7964939007571
30.2952275676285	-97.919876462799
32.8524995	13.194562
38.8559201	-77.0429404
27.53024127	-99.50845325
39.2335179	-120.0401911
-33.9191581	18.43656275
27.37147818	-80.33816563
15.7727573521396	47.2612035001098
42.4132160767347	-89.4707601938833
33.388243841811	-111.931847687707
10.9801329770318	-74.8264521335979
40.111145842505	-83.1447105490084
38.8848621482559	-94.8187809436692
29.9926494	-95.3517988
38.8806677	-76.9899756
36.2803471900454	-83.5198432497322
-33.9289049	18.4172485
-26.2298556187811	27.9942190111531
28.0869831	-16.7357969
26.2378597	-80.1247667
30.1705392260394	-81.7042631464889
34.3015624513169	-86.2741900633655
38.923054416604	-119.981319724217
40.80818585	-73.94517037
33.434743	-112.0108154
39.3113186734423	-0.388614767455749
39.7850043711787	-100.460352144612
42.072319	-71.7134017
32.8812602	13.3045476
30.25697	-97.68053
36.92880866	-121.74326133
45.1554926382878	-63.2631223045832
39.9064705	116.3911947
48.3039923	-122.106256
52.29999	4.6430747
32.095889	20.1019985
45.8319444	17.3838889
7.39975203422186	-66.2588028836042
31.9535014	-95.037997
32.06876374	20.09059223
29.62312639	-95.24261892
33.3062563	-111.8412458
48.432794972574	-114.359956392412
40.7480375	-89.621602
42.5805359073733	-84.4427141759028
37.2363025	-115.8118046
51.215094	13.7208496
-36.8537393922985	174.76771930895
33.6305938	-112.333216
45.7688484	-91.2212727
41.7188888180444	-86.1872432547885
34.4410478023835	-82.0474023278713
40.4143754023033	-82.7103300848621
39.9115263247013	-85.1559326840671
32.7459283	12.57180743
31.685727	-92.1229114
60.4506758199583	15.3598950666289
40.1312432602752	-99.5944384747642
54.7023544	-3.2765752
51.3354937	0.3054919
32.6282226064226	-117.014036341789
33.0770473	-99.9556526
39.95879288142	-86.2702134326208
6.4225	3.418056
44.101449302514	-121.443291569359
32.77179495	12.73127617
32.1097619	20.074198
40.2095219	-78.6050177
33.6052231685931	-84.4923563181061
37.5300879	-83.6037998
39.7673262	-76.273746
40.77638984	-73.92083287
38.9330447	-77.03394779
41.583375	-71.941874
28.115397742534	-80.6447279045105
29.5675312024989	-98.2574680305543
34.2142426995691	-80.9906642697332
54.685083	-1.7976885
47.7651505953177	-122.213633283774
17.9243130065993	-87.9599836370374
47.49397326	-117.58301348
39.86220476	-77.54864421
32.0768635	20.0528689
42.839306	-88.7424031
30.4104883374429	-95.4615352234883
36.9356778	-121.7734829
29.680315	-95.1793302
55.5	-4.5
33.14184255	-97.05971343
47.6056975068816	-122.33310024588
35.9556924	-80.0053176
51.9980518	-0.7309382
39.7247886555879	-82.6047412991866
56.016667	-120.616667
50.616667	5.85
1.9831458	-157.3640152
41.260238378677	-110.964623769972
35.6246375187572	-118.373613880385
42.6589845489296	-71.925158969617
40.5947844	-81.5267864
35.9214332814113	-86.852187711469
42.0005818427462	-87.6591125381468
47.9616010161263	-122.186891376931
35.3985008	127.9371109
49.3553741530715	6.7754924887134
45.864399	-77.2517014
44.5862399289504	-92.4539390096553
41.95547445	-70.66080795
41.2493292	-77.0027671
35.4989681	-97.7466101
32.12270045	20.08829635
37.0047667120759	-121.58415843283
33.5517130247146	-112.893786734567
32.07184822	20.09862279
28.2188992	-82.4575938
32.1167	20.0667
32.37218988	15.09315868
40.6378801	-74.4509863
37.7832614	-121.5427262
-37.7530645	145.337794
44.891352503718	-93.3602269422034
24.619522834656	-13.3001600579578
42.3839772943761	-88.24746993671
43.4501503250136	-89.2393469357798
36.374316867758	-99.6220503702984
41.1219272	-105.3046052
40.27103915	-74.77537872
38.343412	-122.701966581803
36.3664194	-105.3807431
32.084295	20.111225
44.0545394	-75.7175547
33.79190725	-84.11089303
32.0958784	20.1019384
-22.0407213635195	-43.8784797154387
32.981512	-96.927505
55.7915214	-3.9823503
49.1669807	-123.936473
37.1547946912443	-113.34967427798
33.5918726443106	-117.699094827273
32.87262554	13.12600764
40.560083	-111.884868
42.0230001	-71.243198
30.40367411	-87.38950831
32.88213061	13.19689917
16.2210908646038	106.448833475413
32.37508565	15.090918
32.0238892	20.05055686
35.0556654860542	-106.718711640015
58.9288521	14.3355426
30.18399	-81.37822
30.0445479221387	-99.1156152777248
18.2574288039909	-66.1056601933671
35.0829705237406	-89.782545559518
33.6816610020077	-112.450270275486
40.222298	-74.273812
39.5934869024974	-105.015366600194
43.8593353696639	-79.7076103340744
22.1349145505292	79.7188241577595
32.89587	13.19925
32.07685367	20.05286001
51.9954586	-3.7977071
39.2100481668508	-85.9191414662091
32.88576876	13.23008423
-7.7871982	110.3764518
32.05626593	20.08112465
53.3955608700669	-2.916389394809
40.9357581662411	-74.117721459373
34.0353506	-6.8220756
39.7219973625702	-84.1497266117702
-36.8852418	174.7732069
33.41591887003	-82.31306825329
30.1920584	-97.7740236
33.3417137	-111.984033
34.10434433	-93.08580355
32.9036971523497	-97.0420247406953
41.3069424	-96.0919626
44.9477393783447	-93.1039975536809
47.3129607	-122.3393665
25.77378788	-80.40818118
32.1010161	20.1176536
40.789489618149	-74.2627636176991
39.2528795	-77.6969362
32.1225608	20.08818167
36.7778361437583	-76.0163704566698
57.7308164302122	12.9420386394865
41.1003273	-84.2663351
32.09557403	20.13165602
32.0741618	20.0835602
40.2110709084689	-75.2744518118387
39.152116369309	-120.940516359011
35.5001688227916	-94.175057687345
48.1908276909903	14.281416112481
29.651037	-81.6017685
51.2676349531195	3.90916215693117
33.6779273856267	-117.7735175544
39.5798037289347	-106.092864090406
55.7592943	-120.2279592
38.5551553943258	-121.736261784286
32.12248101	20.08817316
44.6272547524634	-123.097040570471
-15.4166967	28.2813812
38.3863185	57.0316027
26.3586885	-80.0830984
41.7350305	-86.1397725
38.3687308	26.1346007
32.4227777750376	-88.5091751872714
32.8633881	13.1006246
32.85116577	13.08533287
40.7326746	-73.9871336
49.8686911	9.7654598
43.0615722108572	-88.034751351791
38.4747985	-77.4336782
18.6205169342981	73.8503051347804
39.5806168	-83.7249234
32.8795152	13.1771989
40.65005993	-74.30366599
44.5200501098898	-89.5462645337784
40.859775	-73.92691
41.8994529779328	-84.0446859669789
35.926939063616	-79.0386050165781
32.0767974	20.05280757
53.8118759	-1.6251903
39.9764164548318	-76.6638125360873
48.1634845328356	-103.63249490367
39.4625532514791	-95.7429983066995
43.3412448	-80.475821
32.07675504	20.05275828
9.9250032	-84.1312457
51.664027	16.0908772
38.6978661569212	-90.2900561336616
40.1256616774897	-79.8670615700794
36.9874019662308	-120.627772029265
27.9157513334866	-80.6444608309175
45.7256789733756	-122.663043487506
40.2689167	72.6629473
44.389026749312	-114.6593219034
32.1084863	20.0738441
38.9985428419524	-105.547859262677
35.1074688842863	-101.362805642963
0.3336922	-78.1939973
54.0505405455692	-2.7278025772461
42.4765065098684	-83.260532117023
39.0488963	-84.6677952
49.58027	36.89758
40.0317393	-80.2178387
53.2219886	44.8953093
54.13812124	-1.61656719
28.33208531	-80.74336502
40.6804413610742	-74.1790150391502
41.3401090506078	-74.1669509017099
40.1626096	-74.7986737
32.07685123	20.05285818
35.66484375	51.30150515
42.464888	-2.4559696
43.8083695989402	-71.3993006860127
44.818173	-93.1659179
33.8136424380615	-117.917044216388
29.6915875835478	-95.2870554985323
28.04213403	-97.03788402
32.88947866	13.16717384
41.4837819	140.2518935
35.2775852	-91.535688
7.53148	4.54817
28.4723483	-81.4666572
38.8142902951374	-97.615078784099
38.8697985	-82.5426604
40.5336915	-89.35228642
41.6786754	-83.5127283
39.04887691	-84.51020571
43.5142997	-80.4979489
38.6264972	-90.1993244
40.58530395	-73.6908587
40.7182547	-73.98313975
37.7249296	-122.1560768
3.2299742	101.4254241
33.1103454	-117.2277399
41.3307487515278	-74.3541049300108
39.5081649923919	-77.6585059887123
42.5710959769494	-83.0535520706926
56.7234442	-111.37432
33.9813266	-81.2363958
25.94139608	-80.32844933
39.2698299	-76.5041291
28.29359059	-80.72359173
39.02196229	-94.58843887
45.45149187	-73.87342361
40.8494606	-73.92277527
39.35896268	-85.98470402
39.5186326	-104.7533191
32.0717536	20.0987552
43.9534599	-78.9522678
40.78454001	-73.94896602
37.0600231407106	-97.0362283217734
56.9551582614422	24.1180736104546
32.11902531	-93.93711445
28.2467497565427	-82.7168285625033
38.9825915045493	-104.733490201949
36.3262103668286	-119.323575474376
42.8089130213573	-86.128851470606
40.1679127107102	-83.0796695569296
32.07551011	20.07605745
35.36384864	139.62426264
38.5475294563504	-77.3205780084807
32.08804241	20.10252586
43.0590056	-80.9961845
36.650133094675	-93.2625698427122
29.0258191	-80.9269984
9.9354829	-84.1027068
40.4045843615077	-73.9903900553215
38.4360902388882	-78.8735709786546
42.9223795211613	-89.2231983494151
42.7089493	-78.5780796
32.02394858	20.05046164
14.967	-91.8
32.36385813	15.0864902
39.762688496248	3.39536984543255
51.9119621215528	-8.43208679682977
43.5533678096738	13.6018681672349
38.6769945	-86.9141696
52.1417382887304	5.17431009154337
52.8671515	-1.2032429
36.8002832	-107.6125543
32.7274013461052	-85.3917477256158
32.90291309	-96.9639227
37.6608786050481	-120.989306938004
5.5600141	-0.2057437
52.7689062	-1.5739757
33.7545852647341	-84.4661044648674
34.6606423179927	-112.260908679284
47.9473241	-53.054958
41.0644077816074	-73.4344153214734
25.7139850633931	-100.351786711909
32.07125589	20.09561342
32.39019438	15.06747267
30.3175905	-91.8356275
36.0251935181638	-120.889676937622
25.9140256	-97.4890856
27.1179660565233	-82.4139125854914
44.8546856	-93.470786
33.0417112	-116.8680821
29.95700093	-90.06218098
30.4192949296698	-97.8378526047146
40.62550362	-74.15645572
32.07315311	20.05568666
27.8586354	-80.4497737
38.3598753355021	-121.968861520831
53.9670799	-2.3274695
51.7521553	-1.2582135
39.1236341485585	-94.7440175499205
46.3550251175198	-124.056242452601
42.9968736	-81.32721828
34.5445356	-92.8081249
37.0361467	-5.4246801
42.6343578	-73.5537673
35.425428293202	-78.9185550828038
32.01956204	20.06199388
50.05131	21.41085
35.0060391231007	-80.9345205500635
38.8098094802033	-91.1499705687436
32.81932445	12.99537396
32.0939875	20.0921921
32.88478865	13.1938948
53.6466273	-1.783125
32.5330728341398	-97.038846990338
27.2843048806185	-80.2212906225834
40.698044	-80.108115
13.0514926711746	80.2364208584731
51.8297453460324	-0.216887670851922
35.23945719	-79.20681061
32.05015421	20.03949715
30.5267355	-97.8433501
40.4737877995411	-122.283124916535
44.03851984	-70.63143447
43.077215016308	-88.9058158202261
56.0290892671821	-3.3209005867767
51.15548455	-0.22011631
32.88992728	13.16707859
36.8002919	10.1825415
42.24155422	-74.16903469
35.53341	-89.73341
41.61638067	-73.43086236
38.7617380135864	-93.7283779243168
41.3556539	-72.0995209
33.07471419	-87.53154955
52.8022979055342	-2.10930754138856
38.9163403529245	-100.482217365298
32.1095959	20.0712706
43.7500725175513	6.76454312253056
41.5163055770055	-71.2887413193426
38.9051994	-77.062785
41.9066037	12.4890073
52.14342	6.20609
32.1097759	20.0712191
45.1889633	-67.2786039
32.5480995112874	-97.1160251994367
14.6528704232728	-61.0058744964345
42.3422536	-3.7014546
39.7861658801255	-76.9573644282367
53.8212301736131	-3.05084979208522
38.6857367	-121.082167
42.52472195	-83.959531
30.9423488	50.8967848
32.9270644127476	-97.2823226661306
39.2688578183857	-78.6782984835557
32.1094961	20.0713854
44.6063139859066	-83.7981787712189
38.3543214990936	-92.407131
-33.86842767	151.2133257
36.1253855	-81.1517165
41.09807751	-81.5484631
48.766667	2.033333
41.4882188	-73.6486979
32.7577217	-117.2340978
46.4522195513465	-90.1504400417813
42.0231666	-71.2431529
33.3997222	35.4180556
47.7858034	-122.19488455
33.7462165	-91.997816
42.3653183	-71.0081233
32.8857688	13.23008558
32.88536882	13.19398432
39.94585318	-75.1667017
34.0584447	-83.015044
38.7802274090663	-77.3865562055925
43.4284675881813	5.42730010634637
40.5123258	-74.8593318
32.47760565	-94.09950978
32.0816611	20.0815769
33.7846102	-79.4488454
-33.3922129403793	-70.5611388634684
23.0223707	72.5989006
45.52994856	-73.54812068
38.9202988622636	-77.2314422939121
39.2744355	-82.4740302
34.9590113	-81.9353819
-28.7061111	21.0638889
40.0621201433791	127.129550334563
37.5133233132969	15.1055262447264
40.9504068334483	-75.9723368727798
32.1178305	20.0559929
32.07688278	20.05266356
40.9134862	-77.7737471
35.4693839	44.3953977
38.2788959995132	-76.4889711283015
42.0302606545156	-88.0839589160823
37.7649632	-122.4236143
41.8736183	-91.585175
44.8424683	-89.6376219
32.8898323	13.1907643
51.3846382	-0.4212608
28.0834861	-17.3343587
40.77099441	-72.95196843
29.79438514928	-90.8168385078707
-25.975	28.1808333
36.03700115	-115.06881318
38.3737997071007	-85.4428648852979
42.40255864	-89.000248
34.173218503197	-84.7985782359503
40.0122538771413	-111.653794862483
36.1134972126626	-94.2149353720332
38.7691755	-94.6563454
40.1775714	-79.5850396
49.3333281	-123.1666718
43.2371020018378	-77.0627525141585
40.4863593344857	-81.440474230753
42.7023314	-124.3553794
43.5758015	-96.0943694
9.0715	-79.3835
19.5417214	-80.5667132
26.6438678608535	-81.996441524357
42.0823271691199	-87.8210492696175
43.6621357340161	-70.2755321349676
32.1095042	20.0712921
36.2112092	-86.31445087
60.6692672975506	25.8580587059853
45.3862740005567	-122.593468621163
32.0958886	20.1019905
34.35064385	-98.2997033
30.3960324	-86.2288322
39.041568	-82.297656
12.975812	77.6019109
44.8506746	-123.2378778
35.2242163859557	-90.2059952735128
38.8676380720088	-75.82926980458
45.3945285	34.0650243
42.55695242	-83.2367171
6.76302185	-58.22559307
33.8388584521836	-117.857579872224
45.7782744	-66.4847279
44.2722092	-88.3389952
14.57830082	120.98505044
32.07686157	20.05280352
29.67723756	-97.65308563
41.0981152465002	-91.0436172768052
40.9990317437803	-74.2587614856966
34.334802434652	38.3129482372222
28.62935462	-81.44213763
45.8239113	25.2156372
63.2467778	25.9209163
33.1734765328293	-97.2348101637733
32.1094797	20.0712703
43.64875295	-79.3849109
32.4034718074981	-96.8434425491681
44.06117567	-75.78807957
40.102555	-105.3632079
50.7985609335898	4.39676372527731
-28.1023937953624	153.435194505466
41.12037059	-73.52424455
40.4765032544114	-85.9623967803231
39.3218939677298	-88.4499817454456
32.7596335147606	-97.0249909581117
53.1382416	53.0641303
37.3097089759225	-89.5582016601197
30.40366707	-87.38968964
37.2746762859998	-79.8886616648104
39.8993308848496	-79.7245754935017
29.9691116	-95.6971686
39.72819895	-74.27181205
32.0866386	20.083464
1.024722	-78.604167
35.1471084	-80.9395422
44.7025462	-73.1540233
49.81635835	-124.5196031
35.8679410281877	-90.9460330346994
39.4657314548013	-76.6520601428349
41.30441416	-72.96918629
42.7666951022693	-78.6171916110964
43.9404579274634	-120.605235993229
33.7593852354421	-118.38798441792
-10.8395208873578	-52.8570943645711
51.4412109	-0.1020591
32.0768505	20.05285746
32.4747539960089	-97.7651745189655
40.8161049867559	-81.9340168570552
7.178755	125.59886435
44.4241311	-78.2775179
32.1073556	20.0720953
6.4536987	3.3954449
41.2020171	-77.2644152
27.870005	-82.2516423
42.1129297741594	-78.7070103120962
41.4750904	-74.9151669
32.8340294	13.2428821
69.746137153561	18.6268936435424
33.7978094760201	-118.299187511675
38.3703841152365	-122.773348738596
37.00483820521	-85.9255785240295
35.7237960013309	-79.1736800043802
32.37390248	15.09317287
35.1575124	-80.7188774
32.88933778	13.16722243
36.06138553	-115.03933741
-68.83775	-90.61249
38.7805728292183	-77.2734227599027
32.1098327	20.0711897
40.8742216887891	-81.3970392656626
36.9787588	-76.428003
32.1094733	20.0710496
37.1370707593137	-76.8332749576104
37.3554336	27.2749812
41.307854157805	-81.6194131365214
61.5975444120562	-149.114841336961
53.609832	-6.1861964
33.8782202403731	-117.22957537834
42.8258195	-95.8075134
32.88974997	13.18155244
40.5955556	-73.7421222
51.5267839	-0.0828804
32.10986766	20.13380065
32.88210482	13.19700709
45.56324341	11.5626421
41.3101915254518	-81.1432748625891
32.07674313	20.05275483
52.4676861	13.3423657
33.7379503367367	-116.369266964825
41.766070654431	-72.6834023628434
41.9309866443617	-88.7485482241211
30.69897	-86.101688
43.3029333827564	-123.066568941135
29.7110641	-95.5963337
33.183600670242	-96.9270744518957
41.376755586757	-82.1063352049694
32.6420369183891	-117.165818239641
59.2642026972359	15.3333854144099
50.8529566353045	5.69952025851634
-1.312797	36.7882827
10.5401492	122.8357049
37.82022661	-121.99638172
42.4658769	-87.8530031
37.7957242866225	-121.230541815522
40.6642699	-73.7084645
29.9224082140738	-82.7135553258515
41.30570615	-72.9272668
35.3484399995685	-94.3696535013518
42.0642506	-71.0573407
38.1903823	-81.3959471
45.8538317	-119.2683555
40.72335598	-73.94124985
35.7855978475817	-80.8697368745826
35.1867075	-86.11225
39.3181528	-79.8109014
32.0768438	20.05285326
32.07307018	20.05571931
35.0705708655875	-106.1730031425
35.8015265	-80.2311608
43.3045261	-70.9756186
38.4589776021946	27.2149554497705
30.50334327	-90.93016586
39.04885306	-84.50987614
42.5030716	-71.1952306
32.0958869	20.1019822
32.7498505	-86.5113668
51.4319829894268	-116.397264281496
49.40932	22.45722
32.0767617	20.0707973
43.2213576	-87.9826966
39.8672029823999	-83.0707214434357
31.8542511	-110.9937019
33.8316824164314	-116.46417956713
60.4704754	15.4020997
32.0835407	-81.0998342
40.7025487632932	-80.2838595631208
-17.7870024854174	15.761082978177
32.87497347	13.12384973
25.40468	23.677924
28.874083789654	-82.4418491483277
50.8768180389712	7.11054630722978
32.2224844639651	35.2525319301234
43	25
32.5180423725168	-92.0775761690128
39.99694576	-83.00672983
6.2440609	-75.5735959
29.8388661169869	-91.5521650386991
39.0017452	-82.0487525
21.6238047621135	-71.7503804429368
41.031315	-73.748544
38.373665	-90.6229046
39.6479105947653	-86.2088668761218
63.8469019519243	-22.4304651125179
44.3593841	17.8135042
32.216316	-80.752608
32.8325875027748	-85.7674940643898
34.1040395	134.5180436
3.3407148	101.2499862
35.1183644376285	-80.8269791637713
32.05375656	20.10715163
40.3398854279089	-75.926577482459
-33.9756668	18.5227739
41.490253919094	-75.7066778627062
44.0386126453069	-71.1713347282223
26.206311	-98.234762
30.3624509530045	-87.1619423215607
29.1871986	-82.1400923
32.07682843	20.05282764
41.51118494739	-81.5635436643029
39.8027644	-105.0874842
44.7744858646283	-93.4765239164282
32.07672297	20.05285224
32.859337	13.204279
20.9175	-156.3258333
31.781047577664	-85.5583343292075
35.0296552601248	38.4642749363411
39.1345944519613	-77.7107233548199
44.8908021	-89.5476204
38.4108878457416	-82.4345865801682
42.2964859	-71.2925571
-8.466614	-51.3333981
44.2217367	-69.7555995
34.18798519	-119.03450323
42.9614815423759	-85.6556858845968
44.7701122229591	-94.1493961573226
32.12585752	20.08873357
50.7063061	-113.9784371
48.8001273530199	14.7077865066809
32.62408288	-93.74329803
41.4022553876223	-82.2303470720626
30.008005562982	-95.6425597033949
29.0663197614909	-82.0578408934406
35.08474495	-106.6518505
39.3932534178399	-98.208316056643
32.08463375	23.97907939
36.3159756161718	-87.7025453527688
50.7995286674848	3.26427671059541
32.88209108	13.19700543
36.6128380862577	-119.659941618326
32.07307991	20.05572468
40.71112438	-74.00495589
38.3242916	-76.5168989
37.2589457180283	-107.074508606462
38.1875442	-87.7103029
26.5834343935258	-80.0550753809873
33.4153149	-111.8312672
50.0758246	14.4298726
-37.814255	144.963146
23.5	78.5
32.02139027	20.05906339
33.8122023511503	-112.239110831371
34.0502836	-118.2420861
-12.0459739	-77.0306154
36.03710551	-115.06905287
32.37194604	15.08507037
37.7742152	-87.1133304
-33.4378411	-70.6505244
36.1947074191914	-106.945343258844
41.309194830457	-105.610541954199
33.64443555	-117.62110275
40.8159652	-73.0015799
42.4988977	18.6587801
-26.1377962	27.9758592
30.4608983	78.0665335
39.9205411	-105.0865504
32.07678865	20.05287512
42.2147429152948	-85.8920586378204
49.0149401497502	-122.777146546957
29.5389569	-95.135534
44.4774856	-88.4506568
43.3019111008749	-73.6873185355719
33.9195616357441	-94.8443192175556
31.43918127	-86.98334858
5.25818735340193	-3.92759881882166
42.2139885	-71.0050476
7.45244	3.95341
55.5640146	10.092085
31.1990251	29.8969326
33.7999159499192	-83.7147751828721
27.7253065	-82.741212
40.7887367	-82.2360391
43.67965809742	-71.5703368642542
42.0680608	-71.0216834
14.5874076074004	120.968392572492
43.0846689	-77.6682512
39.6323705350538	-84.2724443758058
42.25616455	-71.19025421
32.3690393	15.11641518
44.3310901	-88.1684289
40.8255359395394	-74.2110860650641
39.6612938	-76.8849197
50.9169919355034	-1.40114428715741
42.8086826	-75.2525642
28.2865	-111.4178333
64.7532401578551	-147.361070254216
33.6871289505946	-86.6803460711585
40.1195546	-74.8054406
32.07307334	20.05572111
-1.30099808788414	36.8142867872689
40.4148291	-74.3654267
39.5343602296614	-76.3465497382163
32.3123157	-106.7783374
-33.8569426	151.1767888
-33.9754795	18.522225
41.3203058	-84.5084835
50.6694466691223	4.61159242874397
29.69611256	-95.75118301
41.416779	-70.6661395
32.06876561	20.0905883
19.4464226	-72.6799007
37.2071472848242	-95.40473584393
39.9117794	-75.2771292
18.215698328946	-66.4146667857231
44.2532201408704	-71.5977753477997
-21.7845109	-48.178014
-26.0352299905612	28.1575521542814
40.1278839	-75.4318532
40.744173	-99.7392826
31.6977397383368	-92.1348097321362
32.0981613	20.1292157
30.3578701	-97.75053596
33.99414309	-118.42394709
-45.7255555	168.2936808
59.910895485	10.73297736
32.07307436	20.05571586
43.950449	4.803973
15.6467169450832	-90.3600194572372
30.55664204	-96.2384352
35.84618499	-81.47397055
40.7583052689058	-74.4172711018917
35.2013149255706	-118.958746377304
37.8403459679903	-87.5794159626261
-23.193992655983	-46.9124536837218
32.9167128	-112.6673834
45.4401467	4.3873058
32.8152076	13.0061566
29.513117	-98.6293685
48.2926003	-122.6762818
41.53073245	-71.73585723
41.0873991419279	-85.1428083687371
44.27437715	-79.72293195
32.37197015	15.08503351
33.1958696	-117.3794834
47.5429886	7.5969912
36.0726355	-79.7919754
41.42603389	-79.71939543
34.8498743	-80.5308996
28.8252591175389	-96.9838738413811
43.254646	-79.8677199
41.9958279	21.4312256
43.5113941	16.439737
40.2694328	-81.1289112
39.5538771	-104.9694264
34.0252175823877	-118.770344948152
38.91200349	-77.02716567
19.4944444	-154.8238889
39.73600968	-104.9846037
57.7064072	11.9686291
32.1089997	20.0905453
32.88333	13.17717
51.8044104	15.7103077
39.60249	-75.069344
38.93361464	-84.49597443
52.3677548	9.739344
39.0994728	-94.5813298
-26.9195572	-49.0665785
30.3199747337083	-95.4645615144251
42.7105379	-95.4377812
30.664839	-96.3515145
40.1111458423087	-83.1447105489818
51.5844276	0.4625043
32.0958899	20.1019933
38.1993065	-85.6866375
11.6629553534675	78.2100226046023
32.08804317	20.10252745
-33.8690576323809	151.19369009501
43.9251891654017	-93.9539812251662
40.7884215177563	-73.6942474789686
40.4556366795896	-86.9138392543274
42.4084302	-71.0119948
30.42858282	-91.14700872
42.06799566	-71.02180707
52.4359331418181	-1.58117769169027
53.0169371511681	-2.16585747655712
27.28123957	-82.44960576
33.4853260087372	-97.1612472023222
5.11893388164273	-1.2466635109089
33.6634238	-116.3100149
27.5510435879525	-99.4873800133773
51.2485343	6.76240775
33.2216372970946	-111.585542318965
42.6372984678671	-83.2155849755883
43.755908712055	-79.5898746987572
39.779718719373	-105.18249470453
33.8938635507308	-91.2572519654996
39.7559528429283	-89.6511506046929
40.9274722971797	-77.6642658491334
32.88364	13.17368
44.8994088	-97.1150732
51.4835657	-3.1836873
34.6059274	-86.9833421
51.5237268	-0.1055555
40.073021	-74.962974
38.4031218	-85.5741276
52.3710089	4.9001115
46.9762438661548	-123.80942116328
32.8730166	13.3117168
34.03191	-84.295167
32.8762	13.1875
29.5627819	-98.6863446
42.3764966736914	-122.911033652835
33.79192312	-84.11036617
-24.4842187	-51.8148872
-28.5912315	-57.9394658
33.2449244704915	-87.6728247413925
42.1908031533979	9.08792049989615
34.7596636901378	-79.4780807948343
40.8328165	-91.0837559
39.1244365656554	-97.7000053236357
25.3629576	51.6971875
52.666667	-2.75
39.953885817499	-82.9711714420021
39.7027552	-75.1119313
34.1606980451052	-117.95042473738
34.1787726	-118.8764198
35.5781938	-80.0663362
40.4812157	-74.4832088
49.0068897	-123.1303529
26.2057481429345	-80.2547297857054
34.1028648930743	-84.5096461902954
44.9319037355983	-93.5889578899739
40.5497164350466	-85.6594992921734
40.6639794658547	-73.9382651457157
42.7234084457217	-78.8348748021605
45.9171763	-89.2442988
39.72888391	-75.02580121
43.0165483	-116.7559589
32.110057	20.0707602
32.8337743	13.2430062
46.870246	-124.115477
13	77.333333
38.5015387630517	-90.6498579629855
32.8337754	13.2430059
33.6104760015394	-117.654378329601
46.8074163136779	7.15758068154834
41.58277037	-93.61778842
42.0334326	-71.2189405
33.5865469	-112.1956632
32.0741621	20.0835595
10.5018234	-66.9121054
41.7313447	-111.8348631
28.2749148450041	-82.7291415190039
34.03399	74.40235
49.466667	-123.766667
38.4129756354341	-121.212710988175
50.6764804	-120.3430799
33.6898185623653	-116.145837320231
32.07277363	20.08294973
25.0799543	55.1522759
37.7392162	-90.6744706
43.9382003767785	7.1167600558615
44.4622145061297	-73.2198740539241
32.1017672	-81.1589253
14.1672823	121.2438088
15.6040416	32.5230047
42.3495065	-73.3109703
40.7750379	-73.9665495
40.6364951581129	-111.934972026349
41.0636823182036	-89.7729307432224
46.2778406	-119.2769067
38.7176822729422	-77.7973323059958
36.613775080409	-88.3204786483336
28.7392234139671	-81.8683913115238
58.429075586225	-3.46629758155737
42.0099176280042	-71.1813522872254
39.4225192	-111.7143584
40.8501002	-73.8662464
32.88219403	13.19705165
41.0528679	-75.3835178
36.6391836	-106.1000204
31.7435143	-106.4951525
35.05723986	-80.99399417
55.93825049	-3.20054302
38.1040864	-122.2566367
35.6701063944673	-95.1583094203967
35.331721	-82.505731
45.1615636003624	-75.8120658109807
32.1103117	20.0611899
34.2205603	-119.0959378
32.6697916	13.1443289
51.3813864	-2.3596963
29.6837482	-95.1782401
31.728143	-110.8303634
34.0123846	71.5787458
44.699667	18.3073456
35.21675882	-97.45491361
38.6116552441837	-76.6186504352815
36.0370106	-115.06853812
33.6859128629538	-117.993986499402
32.3069685607626	-64.7697480767053
32.07647046	20.08177949
39.0268367119507	-94.6567095492606
40.6958732	-90.8272591
32.74591586	12.57192346
-34.57855635	-70.99217589
32.3277785	-80.7001485
48.4528355433784	-122.640744438728
32.75660601	12.70612626
37.74400209	-122.42109468
34.0723431875822	-118.290837948479
29.791505107204	-95.8266366064806
23.584915	120.557192
38.6616747094304	-86.4524882720528
44.2801068647945	-105.511502805872
39.2537134	-78.0426766
35.1819069268675	-84.870117635487
32.7458518	12.57190308
38.9003142	-76.939389
26.2235041	50.5822436
33.2994301	35.2692499
41.4567681	-87.39466873
32.05629992	20.08114854
34.2991338727025	-92.4227932264493
29.6188877	-95.60307076
36.1338164272184	-87.5915223020917
39.5611691717519	-84.2349185682938
45.5492232	-73.2302916
60.45	22.033333
50.72927171	-1.82547444
33.596439	-7.6179071
53.6070876400829	9.76898360996472
49.7390940089014	15.3315296460789
46.3551117361511	-94.1980450465699
41.1133171000958	-98.0002012653963
41.6759223348584	-72.7861587026971
50.1432793	8.6805975
35.3233635528204	-79.1052989190985
39.4282598463354	-76.7036966341521
34.1230684202223	-116.421511885717
32.9057241568004	-97.0384610464184
44.6632754072448	-90.1729549313977
40.0070565	-75.0282271
33.7520328335014	-118.074249952647
32.07695432	20.05290605
26.9297836	-82.0453664
53.2832450636754	-9.04996419551818
33.0141747411096	-83.9189081176732
52.4358957775649	-1.58115624215944
35.4799248031941	-97.2665817721404
35.2999439818883	-81.2568439652257
44.773614	-85.4039557
41.6992003	-86.2373691
40.5857893578667	-75.3509203287403
34.005775272937	-84.1491424462956
27.2531311346837	-80.7618045006012
32.88206927	13.19695945
43.6771708	-79.6305762
40.70381418	-73.66555093
39.5928667	-78.8333542
33.98639005	-91.3157352
32.091484	20.119654
49.1819007	-57.3343755
45.3110534343568	-75.9023403592169
38.9048072439128	-77.0163186154262
33.85947037	-84.55478668
29.571877	-95.568948
40.8985563	-111.8560482
50.8682202523858	13.3718822789169
47.1695819036082	-98.4586802864225
41.0877542709225	-112.069920149949
32.07679908	20.05278471
39.3420431	-78.7566839
38.9217551	-77.0436057
40.1024213906095	-84.6329882698565
38.797552	-90.7856848
8.3096068	-81.3066246
36.6224277745132	-121.926136765961
34.9974649158262	-92.0435004425878
-27.32952591	153.05772073
48.244686378087	-122.343137814792
27.9353426	-82.4732361
37.169397	-104.5005411
39.8518746410553	-95.5362735228631
-36.6699372793834	-60.4155281571667
33.03686505	-96.88020152
42.2461979634594	-83.4862218855158
53.815663	-1.5501418
51.4199629654681	-0.75922874897623
40.8412305211957	-96.6957924367252
32.0958894	20.1019882
20.5719883372723	56.2044140276914
42.5366703376068	-83.1504136150054
52.4018088163069	0.262396836416768
32.87261655	13.12600143
38.7191952378239	-77.107257626098
32.11967892	20.05938666
51.6293629	-0.127633
39.8753114	-75.2488764
52.4733135	-2.1014635
26.7002778	-80.165
50.8288134	-0.1473061
34.009608621599	-84.3635595266105
-38.1496881	144.3615609
42.4632039	21.4693149
40.8664874	-73.0356625
32.0958948	20.101967
35.7340995511234	-77.9320610663071
14.7446167	120.9614451
43.3122339	17.8084553
35.7435247226631	-86.9120753897754
32.122473	20.1049805
39.9652409	23.9249371
53.833333	-2.5
34.07912336	-117.88383413
38.2980133706476	-122.3009102806
55.7231886	13.2039396
34.03980342	-84.30399011
33.6157083	-81.1020414
33.4028792607923	-112.661889218125
40.7357382185398	-73.9590339907116
48.8634995198749	-100.022079799994
39.71219818	-86.01629886
31.8092759	-106.1674792
42.5083251864537	-83.1538540957938
33.5395319	-101.5833935
41.8863567911256	-87.9779802168378
41.7958639	-87.9756175
37.7103957	-80.9923144
43.2151723372805	-71.3382178141871
38.06110768	-85.88033801
43.04023281	-77.4960961
33.6059367	-86.0213587
35.9631911	-83.92279178
33.581828559733	-85.0837326901928
26.0127240675761	-80.3382734203372
34.6554465	133.9201068
15.585526	42.98533
53.6916027	-2.6927442
31.9973456	-102.0779147
32.8851183	13.19360772
18.5075	-97.488611
32.08810147	20.10252085
42.4354911505282	-123.168215692571
40.8398218	-74.2765366
25.9382665610278	-80.1245963936294
27.5875357	-82.4250941
51.0979002475173	-2.94097761697162
33.6100552	-109.1067396
51.7816441	0.3665169
19.4435226	-72.6809265
-21.682008850144	145.56187306889
34.09321285	-118.20618165
-34.6082302	-58.9522206
34.731143	135.228543
40.5652048249919	-79.295223699119
33.8855044310348	-118.424480503964
34.4035731535757	-117.398894215162
32.9044542432573	-97.0389331351074
42.981477	-70.9478343
26.3011408625604	-81.7977371430221
41.619320986439	-83.7075980977937
48.4283327	-123.3649269
41.1733654	-88.2639479
41.0997803	-80.6495194
51.92624	4.48758
41.9834324	-71.3328328
35.597061787614	-120.663675324281
29.7022421153637	-98.1142824628624
32.3880725	15.07243224
47.5891897	-59.1591836
40.797031559543	-119.21070777784
33.7371006	-84.4304054
39.4250138624714	-84.213237097917
50.8548413246899	4.35516492522167
30.7674188	20.219773
32.8481346	13.1344282
-54.25	-36.75
52.866667	-104.6
32.7645749768091	-117.107410208884
14.5529174	121.0203192
40.7275275752683	-73.4895273917078
40.05367231	-84.24019613
32.08844124	20.10258434
44.95285288	-93.09303987
52.9012237718623	-1.4821795963256
14.6801071050306	121.059979282853
41.1133694807167	-73.9065052279179
48.0674106	12.8623448
47.78586236	-122.1949834
37.4799367201584	-82.5275561358633
44.983334	-93.26667
29.807025	-5.729451
40.8071340687179	-91.1248812149632
51.5237929	-0.7189899
33.4021195743392	-112.487771927681
44.8322902171814	-0.681756041527406
32.05615443	20.08095834
45.9925725	-123.9205582
38.0464540820514	140.733320506199
35.3233150202454	-82.4574446713663
-34.388158	150.90319951
39.9802801	-82.9561945
45.366668	-63.300006
34.2530695509606	-83.8316571038558
32.08622877	20.13233141
34.0264169294358	-118.055055169606
42.03012915	-71.22967596
51.73519	5.5266331
53.7207947	-1.8673048
42.8656325	-73.7709535
36.8063153	3.0395637
26.6859805788648	-80.1018164947729
43.695320411324	-116.362924755092
35.6267654	-120.6912456
31.1618444	-85.3821553
35.23914111	-79.20643855
47.652682	-117.4394502
30.36472047	-91.03813785
40.9957207562933	-80.3458337110631
35.6829427301051	-82.0489706912365
41.8661658	-87.6444441
63.0957722	21.6159187
-41.6058329106602	157.688143391047
44.1802548518606	-94.0361925619745
-18.1239695	179.0122737
29.7915048174684	-95.8266367419592
40.0233659658717	-81.5867188215675
32.1178295	20.0559946
35.234640757234	-81.0734041740482
34.2190218	-83.8352108
55.6867239	12.570069
40.6022032	-75.4716219
35.9590399041575	-79.759605696486
47.77814425	-122.34546515
43.5009176	-70.4428286
14.602537774297	121.046481622947
32.0767982	20.05285903
41.1690391457676	-80.6660624644712
40.88230976	-74.02753906
46.5887518616377	-111.917941159261
30.55663371	-96.23835216
30.7674187	20.2197725
42.1701507494543	-76.3071924737885
32.7705765727401	-97.2920408246101
36.4225620514685	104.232792837295
36.0172859790749	-81.0165912868893
3.90871	108.3880005
-32.75	-63.3333333
48.866346	2.3644859
34.1598394554513	-118.139098292844
54.1759545046332	-4.52397275906681
37.6556237	-85.1102372
47.6397345	-122.4001341
33.33493847	-111.78498745
32.07686398	20.05287692
39.2184361	-77.9052739
39.7212284	-74.7597824
9.917	8.9
35.8230267086792	-95.6785710087122
32.860433	13.230514
33.89721916	35.47962634
40.4611857257578	-3.46205395540268
42.6200064	-1.0522771
27.2802491468931	-80.3825033824724
49.4952514614522	0.138826101590574
42.7653662	-71.467566
43.4076793	-66.0205968
32.81309986	13.49522076
52.2476347	-2.2311234
39.6522786	-91.7240207
40.735888	-114.0430965
32.37547739	15.0749909
14.4093741	120.856326
34.1538457391675	-119.219342637291
44.6991325	-92.1657348
39.9717482982369	-83.8369631010847
32.5748608	-84.827152
37.31383874	-89.52978829
36.7182313154548	-76.583677611562
32.08554703	23.97243048
57.1452452	-2.0913745
-25.84416	28.20893
34.4475286622501	-82.3947974069672
35.4661861	-88.3727209
42.7827397486269	-83.2451829295015
33.8571791320308	-118.004502228726
34.1396840373123	-117.294223575056
32.88451807	13.25695767
32.4552653995059	-80.6434817049245
45.9311392312057	-60.6227652955575
32.518027229999	-94.7621103861352
36.2944766509228	-76.2329677731256
36.3061655	139.801256
32.07316453	20.05567812
41.3842478774384	-81.7285741252224
40.8086531	-73.9437223
30.406595	-97.396286
51.5003323118251	-0.109067749017719
44.8123256335217	-86.0594451254567
39.3456301	-81.5229014
14.5483729187857	121.01083200959
30.3799258	-93.0184845
39.91542172	-86.10879216
37.9014913288009	-122.039894611792
50.77307935	0.27465845
25.55923058	-80.33582876
36.095053016927	-79.8245452336685
40.4156635	-74.1909769
39.9611304282379	-105.135334695813
43.65292342	-79.36903797
32.36379474	15.08654909
52.2927157841664	9.20665023379953
46.4569428960449	-122.864946669662
56.7191609	-5.1647964
32.2549179514027	-93.1660020927496
38.730870918541	-120.797820322039
41.17733	-96.02552
48.4806756	-121.317898
-1.950851	30.0615075
50.5675217	5.8037101
32.75923377	12.35566716
13.8000383	-88.9140683
40.94831307	-83.37652838
32.88107169	13.20298461
-20.1552846	28.5877406
44.2132876535021	-69.0677396193485
31.2347683768241	121.429829949761
37.7688088880013	-122.475192082192
42.4347571	-83.9849477
28.5355586	-81.54718874
29.67719168	-97.65322022
32.07184678	20.09862086
46.7819339104834	-92.1195156599032
34.8390054	-82.3569757
39.9168153187643	-75.3990077490097
32.737845	12.6998082
38.2706038	-88.5486637
64.8353432766456	-147.65331907626
45.1667248	-68.844479
31.8897334347977	-88.9878101720391
53.52347611	-113.58379441
42.03369019	-71.21001761
38.0564679	-83.9432556
50.7834973	-0.6730718
32.07685288	20.05285559
40.157651	-80.607639
47.4825489527053	-122.195164305447
43.6490438406896	-79.8809114899578
36.070443988154	-115.204212095579
46.6007052339405	-112.013837328176
38.2097967	-84.5588311
40.57334844	-73.98030281
31.4504629	-83.5084973
29.0427592	-81.9292505
36.916474	-121.836649
38.60071475	-78.00731099
44.7648352463827	-93.279434896042
36.1993918	37.1626898
32.8743579	13.13964815
6.9582854	6.0122485
32.07679593	20.05278548
35.4829958430963	-79.1778949485674
31.77849943	-106.31434943
30.7274156	-84.4356421
53.4785907875481	-1.00570742719951
47.9252569	-97.0327547
40.5834379	-74.1495875
45.4466137	-75.7267857
41.7417167	-87.607953
33.4262165779985	-112.55004389917
-35.2788881	149.1287795
32.8675652	-109.7928591
14.6271155798266	121.051553486364
37.6922361	-97.3375448
41.2951413454579	-87.4138695042672
38.5348293469923	-76.5302387130411
38.9699126032464	-77.3867639521113
29.2932994	-97.5219365
32.891475	13.167852
32.4552818049017	-99.7384868862011
28.81397961521	-81.6342681443876
47.75458	-122.1590973
31.7324776929015	-84.1687291729845
47.587122429553	14.1404508924072
36.162839	-85.5016423
39.8953395277896	-75.0344006594717
37.0996332982581	-80.6836863790033
38.1567021643051	-121.027568618085
39.86233803	-77.54888099
44.4840019	-110.8735577
43.2300403	-75.4418498
41.1810719114089	-74.4890289292458
37.6833918	-86.3796987
37.9867715193968	-87.5424856415526
36.86614453	10.22063824
32.8879889	13.17658539
45.759769	4.830446
34.9512014068688	-90.0501298300769
42.0641838	-71.057281
35.4502994975564	-78.4174441155908
41.7809588	-71.4371257
40.6786058292964	-111.957382283215
42.06776196	-71.02195741
32.07306681	20.05571797
37.4158090840661	-81.4461671748722
36.1498677236172	-85.5065163549732
42.2223218	-70.999492
42.5447865	19.1058825
32.4087475	-86.7710939
41.9304942	-89.0355215
31.4274044	-94.8085436
32.07693057	20.05289939
40.73955636	-74.00332631
32.07696338	20.05258693
29.4713764227093	-81.1300745424665
37.2603700003612	-81.2162546157526
43.0619001	141.3543999
42.313875	-92.5960281
42.0135475	-71.2336332
32.3426032	15.23604847
14.8875853	-24.4842852
33.5253948920004	-86.8091372586599
49.67077435	3.28428305
13.75741291	100.62329865
34.78994444	-92.25351607
34.0067915	-81.0388006
-17.6095553583161	177.034125797601
45.6353838899548	25.5760093210193
32.9919015946423	-80.0057293482197
34.2163939	-119.0376024
33.78154879	-118.11367779
43.2534197910584	-70.8854173428749
36.3230394929461	-121.244797215347
40.0681666	-74.9007218
37.787602985806	-81.1841390240253
33.4248480146233	-111.887337865937
40.8717992014608	-111.863230409955
40.1776362483158	-74.9207832438061
36.2239692	-115.3044205
19.4270508	-99.22443775
41.4213632	-81.6774726
44.376651	-103.7296416
62.8661033080922	-96.0811218404593
-26.14426105	28.07009157
52.500683	-2.019078
39.4223423222498	-86.4202341782396
32.07690742	20.05282382
36.1605161620914	-80.667615247923
44.3787033	-79.7030516
-12.066667	-77.15
33.7994116	-84.3926681
28.4237963641362	-81.4576566986908
5.7806172	0.6403635
32.85962295	13.19363689
45.697922643445	7.42841676992636
-37.5622181	143.8502169
48.3178244765713	11.6915355580797
47.6598774953339	-122.681658188323
37.0926426	-79.2964125
41.6628218071544	12.505507746894
34.5038393	-93.0552437
37.3760691422679	-115.530081875471
37.5482697	-121.9885719
49.7768818590212	6.09238991783088
37.5059815	-77.6491579
35.5018343435223	-78.238866
41.2397914953762	-77.0368855558805
41.6071951373771	-87.861814746697
32.88015247	13.19434355
42.3628743822799	-71.4482574153525
39.1347357199266	-77.2133121343788
33.7340184203235	-117.93244316329
39.1626298	-76.6250756
-33.502999	-70.582899
40.8889795326183	-74.0460991561293
39.1054508174193	-76.7435285498936
27.5016804938678	-82.6146220832327
51.8931303	0.9046293
35.16737345	-101.81424243
31.9568333	-114.7391667
30.6696818	-81.4625919
43.657237	-77.6731655
52.307349222172	-0.862540794404373
43.7122530230643	7.23781124744137
39.5349169	-119.7526936
41.2876221	-69.9715802
32.09117398	20.07998716
32.87077767	-96.71902922
32.09770351	20.10474896
18.50897027	-67.10843118
32.08403889	20.10502977
32.0024367	-80.9620562
38.140365310046	-97.4216630923304
32.8931984	13.2352144
40.7681142	-73.98239171
35.96325591	-83.92282566
41.6347222	-84.9994444
35.9259811	-78.7612942
-34.9218064	138.5989957
32.07456	20.076093
28.5552719	-82.3878709
36.26305206	-119.91463332
4.1346847329586	-73.223528192781
33.7871992270542	-118.397525095984
40.74592546	-73.98665336
21.500526	39.1854832
32.0606084	20.0431411
-1.35324	36.7590876
33.920839	-84.53001135
43.4090669240406	-84.3345864967732
33.64554284	-112.33242371
35.8588421552369	-76.7487886082575
32.699303156814	-97.1261733542745
39.6092030580339	-86.1063968723036
34.1623292	-83.6779474
40.0918528905652	-105.357284540804
38.1542355357633	-84.6782785297409
50.2910775	8.5104366
43.6225814	-71.276185
32.88986883	13.17300767
33.0121331	-117.08804
40.0428293872826	-84.2186855414698
40.3542355	-79.6483764
26.74681881	-80.08583743
34.8581732	-82.3695647
33.0860854076224	-97.3009643065517
39.3874306384714	-77.2724687092018
17.3462409	-62.7687341
33.8444603	-117.7772773
36.1715078524165	-81.1404695975369
49.1227698	20.2676994
-33.82702233	18.64762134
36.3397358646666	-82.3792347560398
33.7429223155529	-84.4014939045793
61.7271546	17.1096704
32.1083938	20.1204633
33.8131371822026	-117.919651171514
37.6602256159088	-120.989611563052
52.6269507	1.3656131
42.690902	-73.89226
38.74931745	-123.51232545
41.2015520282328	-77.2667522558194
43.5438216	-80.2375346
40.7477565	-73.98883049
32.89217	13.1665035
39.0972859318033	-84.5066364104055
53.6120537500826	-113.308018606973
41.354870687367	-71.9978072275279
50.9036058	11.0267488
41.5518393095963	-81.4691052506421
41.355771	-93.5427066
32.6616885479523	35.0610664730539
32.08835674	20.10210167
51.5551066	-0.2919185
29.1624801	-81.5253492
45.3113412	-75.0833818
32.87279628	13.12596289
32.5486332	-97.256836
39.95206009	-75.19105639
44.2550508716259	-68.2715209143456
18.5150693	-72.6313555
40.9669502	-100.2572513
35.8240584	10.6350155
4.6104555003296	-75.7915504901358
40.1135975150876	-74.0367531541034
32.02392564	20.05048748
49.8636918774439	-97.1573153868121
43.0558299	-89.3856746
41.1000764	-81.9382517
32.74587287	12.57190363
32.12255867	20.08818242
53.7430261852462	-1.68925652467091
32.37542287	15.07578677
16.4075164	120.597588
33.78464	-84.406408
42.7090746521893	-84.5583557410471
34.1388889	-118.3525
14.5868353574964	120.970623707456
32.88206008	13.19698269
49.2527015735176	-123.113632349181
39.14986593	-76.83802869
53.4987801	-2.247368
44.8500911	-75.3171981
42.5389836	-71.0481084
32.1104129	20.060895
37.7590351	-77.4799853
-25.9512288	32.5742539
32.0752626	20.0645556
52.349809	4.9382992
32.8119702	13.01357865
32.05615538	20.08095963
35.2976953555815	-119.05678534484
33.5336919537588	-81.7271128830902
40.7788241	-119.1965106
55.3488331936669	-131.653084025593
32.076786	20.0527882
42.0477096402791	-72.6435432736347
31.4399313868101	-100.45227659935
36.8531789	-75.9782428
30.49025686	-81.68635971
40.6110589	-111.8999353
32.8339891	13.2430286
-25.6656553	27.2414481
19.498756755153	-154.909104426765
32.1094427	20.0715612
26.1953503	-97.9913251
25	15
37.78315815	-122.43280344
-3.789118	102.9172476
41.6949253837532	-73.9210511705781
42.41593344	-71.12285914
35.1430936144342	-120.673897059487
53.9508294	-6.5403319
38.96251187	-84.63813052
40.4782514	-74.2907363
39.7796725	-86.132854
27.2497894964495	-81.3027923749101
42.0678086	-71.02191175
47.4512857816701	-117.130802848943
38.852442	-97.56546715
39.9709212209155	-86.1347067694656
32.37692188	15.10253384
38.9337519738135	-95.096848096178
42.098408	-76.0493684
41.4989861	-72.900658
42.949344753694	-72.2998686716563
34.402924966727	-86.486485858091
39.1636224053662	-86.5258656487013
37.4006345104748	-122.079660545998
40.689263	-75.5076838
-26.4513549725157	-51.8136843446452
40.7038900060107	-89.4350227453216
47.2866582649091	11.3947176758664
49.4443857675831	1.07553062819199
42.8630359	-91.8857222
32.5107682	-85.04112716
32.8572719	-116.9222489
28.4718694036076	-81.4740201006914
41.0195324556926	-92.4187642835736
28.300307955537	-80.7012550654252
41.9788337240298	-87.7722188325994
42.65868	21.157166
41.91152253	-88.35348107
36.9751474	-76.3496662
32.1141382	20.064385
51.452129	-0.1218525
26.3739506225272	-80.1061818143713
-20.54901872	-48.57611828
41.68585269	-73.72150853
46.5043983	-84.3233032
39.9009334	-76.6058001
39.7925014757213	-75.0362624279401
41.5709147146228	-87.6185707838217
40.886723286837	-73.3518670352584
40.9484317	-74.6171046
29.6523200361014	-95.1304896057756
35.81742987	-79.81855197
41.7962409	-71.5992372
47.685823	-122.1917366
14.49420245	121.017883
43.0977855	-88.402319
-0.8999695	11.6899699
32.8166287272656	-97.0782243447609
34.4384216	-85.1080042
62.8661203663633	-96.0810273760828
8.44841416902217	-80.1587347063079
29.91581679	-90.05454716
18.1190649436058	-76.5162849664454
21.9559346492294	-159.846030022649
43.2695831	-79.8578724
40.4318016755158	-89.2208406007706
51.2357016	6.8615506
33.4491867499231	-111.954119071975
38.4353369825171	-82.1373376083952
-33.3925672105541	-70.560088777985
42.3683722	-71.18961042
11.1221821382944	-73.8853238256028
34.7321188115885	-77.3950740895256
38.4161405451627	-121.383836752185
36.3021959967413	-94.2814412530231
52.833333	-2
36.1026014192128	-80.41655406455
34.2501145849809	9.66174645577266
34.03489851	-118.3143321
40.1774550940388	-75.1054481503478
51.7455801982727	-0.318069855282674
39.0247989153593	-77.0771523778334
53.9213523736338	-1.62359458838396
32.0761	23.9614
26.6253497	-81.6248026
35.1556451	-89.7761955
42.3400618	-71.0896923
-20.0862570767536	59.0630265509862
-30.0209412	-51.2175228
41.4731263192183	-74.0273271506884
37.58984119	-122.35940716
-29.9119584337653	-51.1794276535832
32.07684754	20.05285852
34.5023029	-97.9578129
35.1849767409535	-85.1863903908871
45.709097	-68.8590201
40.0497161975974	-107.894993996908
32.4579598882875	-90.1127337681323
55.73738	-100.77207
53.3059307568298	-113.581921629152
41.8724435	-87.6468104
30.0503528	31.2166458
4.1315113	-73.6206667
12.7583809056227	121.651388657575
41.3687605424261	-79.9306134360977
35.54329829	-97.55948263
27.8700104	-82.2516439
20.054167	-99.378333
19.24018	73.1332941
47.2959355692304	-122.212600715634
38.7599788984942	-76.8982308792131
32.7553782	131.1105668
47.78573227	-122.19482349
5.3636847	100.455994
51.3249605	-0.2724109
-3.0524451	-79.2395135
31.3445508	-109.5453461
44.9462922415651	-92.9215960627819
32.815136	13.005762
40.9394437758483	-73.8264464809597
28.3041536453544	-81.4166967360494
52.2091438107454	19.3209719691592
32.41693906	-110.97509821
39.2030289773423	-76.7520705705188
-22.2535262922989	-49.1258309985965
47.5832709	-52.7239306
32.1225253	20.08813908
39.9282206639717	-74.2021994526575
40.7916682533824	14.1869578024099
38.8976	-77.0304
33.8839926	-84.5143761
33.7104118373407	-78.8830811680674
33.5712667195134	-86.7657813906891
35.6729639	-79.0392919
33.4227813840645	-111.888831710551
32.1079949	20.070702
21.4339048	75.1745238
39.7391536	-104.9847034
29.6803088	-95.1793307
46.300378	-90.92528395
37.4142161416118	-94.6983329065389
49.045554	20.2804994
27.3739304	-80.3339391
34.4887336238638	-93.051501790349
-26.03152	28.07279
25.621925433343	-80.3221755257806
53.71216	14.91037
35.54270427	-81.12170468
32.88788	13.17508
29.9904067543934	-81.6807544797077
33.88193695	35.5103767
43.3033056	-91.7857092
33.6874389	-80.4363744
44.7456344746429	-93.2006322479618
33.42333364	-84.65764121
37.79744988	-121.20679152
41.1465726766395	-104.788426101884
33.6169711619842	-81.1027268514444
32.09249338	20.07839936
41.1841154251373	-81.3472698348179
32.76475167	12.72561474
32.8827733	13.1874736
40.8067968	-74.0167641
41.202318	-73.5100236
-26.2338289	-57.1819622
32.8880767	13.1763865
41.6561340481901	-91.5313976371867
37.0549511500883	-95.2111532779373
42.0834313	-71.396725
28.9038897398622	-82.6036878742544
36.03695513	-115.06893757
33.85066556	35.56820133
34.15351991	-118.3362212
40.6000671	-80.2247823
26.5281938031004	-80.0811244571952
44.8178836	20.456805
47.9673056	-122.2013998
41.3844964	-83.3204807
32.77471545	-117.2507555
39.8124696555981	-85.1704534025736
44.519624	-88.0172261
33.7867684	-97.7258626
46.694443177356	16.6680762109331
42.06792758	-71.02179912
-34.9271097	138.6006603
40.2754853612731	-85.8366636914939
25.26240158	55.37646484
39.417797994246	-95.7926685765263
27.8518699	-81.57297283
29.67759279	-97.65346606
36.7952167	-118.5847214
34.7164148	137.854521
42.3132	-72.42781
39.1412623407413	-84.5059109342969
42.3905913	-84.2505159
30.8648629025558	-83.3157940228437
32.8277853	13.1627996
42.4919593244643	-92.3522096388674
0.3186744	32.6206964
32.88576107	13.23009373
32.8320863481688	-83.6495238161759
39.4220676635696	-74.4941391497966
47.5720492407441	10.8399989609266
52.1675001620443	8.64406132967086
39.1367249	-84.709114
33.9146813559258	-118.347789070129
44.0452675	-123.0755823
27.5446808	-81.412029
35.23917397	-79.20637636
40.1989597	-79.5208718
32.07683368	20.05283243
36.307322791095	-82.320962263562
33.4232149814058	-111.92798664323
33.4270968351487	-117.616049570065
32.1156881	20.0620971
40.0519476726945	-81.494334062232
33.6120263085273	-85.0934430806569
44.356252	9.3878656
28.4770553844771	-82.4664164319556
40.73954617	-74.00324791
40.3497818	-80.1052342
32.07680385	20.0527928
45.0659745	-64.4556651
39.5156569	-77.0733152
43.8492143	-79.0241785
48.3096934361888	-116.539510188482
41.187656127729	-80.7534944089175
42.4676668673918	27.5531027040294
42.35305012	-71.11941862
45.083576201638	38.6709349869647
48.8120764885631	9.11695871410727
58.2641667	-134.3301778
42.888627	-88.0384195
32.88213153	13.19697001
34.0649505191246	-98.5625780597121
59.7512935760405	-161.902061406091
26.2191964615478	-98.2446814967824
40.8273605533002	-73.6805783588058
51.5080460876732	-0.0302841007362915
41.0278853	-73.7855725
47.15656138	13.79207399
36.0160189717663	-115.282256754751
32.1094093	20.0766107
52.6284423	-2.013121
40.7273247	-73.7865221
50.6442718189259	9.38966878313023
39.2430355	-84.601471
14.6087411	121.0696595
47.15755489	-122.48974557
-22.9503149	-43.1841872
41.3021673815239	-75.8730432952484
42.9048521397647	-76.8592314724875
54.6957009	-1.2003161
51.2039922185269	0.0607484472215149
38.966673	-94.6169012
34.1807	-84.1389
32.1253719	20.0835807
32.6491074550972	-83.4460951810179
32.862549	13.128557
48.8915215	11.183264
32.12255858	20.08818245
43.7903513	-71.4111842
42.3750976	-70.982827
48.1363419351662	11.5906053544995
34.05544207	-84.45304669
29.8899389	-98.4252957
32.2793704544481	-86.1292774856409
43.0767239973752	-70.724308325162
32.8441743	13.2628293
3.1574538	101.7122212
32.88209855	13.19696958
38.7917736306118	-76.8784144877283
52.5765772	1.7283649
32.2082147	-82.3966294
29.58768103	-95.13817958
44.3245274892109	-74.1313059713907
9.0643305	7.4892974
32.05375839	20.10715381
39.6015541654596	-75.7473381955482
32.8743399	13.1396545
32.07680893	20.05288065
43.6796676317468	-71.5703360012719
32.08821597	20.10279626
48.7384251695802	9.0696870765943
43.1062018367421	-76.2093866488726
45.5888223155817	-84.4033387233713
40.6562278904732	-78.7784531829536
33.9242844863722	35.8938726033184
32.0741625	20.0835592
30.40975363	-88.8212579
28.72602	77.16218
38.2725704	-85.6627394
41.6833813	-86.2500066
36.237613400536	37.605301561236
43.8130949532406	-91.7532126775646
47.15658393	13.79208673
38.9417804	-75.8135448
40.1440695	-82.896358
29.6827629	-82.3473627
3.0865485	101.6485372
44.6003316	-71.3456362
47.25057792	-122.43987065
33.8160058	-78.680016
42.5122429	-87.8091396
43.2308467	-75.4427347
36.03701183	-115.06850425
54.698056	-112.147222
29.58773185	-95.13806968
29.9863726705531	-98.0865837597382
44.7428579	-67.0816499
44.4361391	26.1027436
37.7347976	23.9475345
47.0335313472617	-109.645052050515
34.0661691202232	-77.8990990621822
30.0596807	31.2193777
30.2121412	-90.8814863
40.60474137	-74.09162773
38.67677313806	-90.0052931989886
32.0812081	20.0688899
15.578699	32.5436118
39.8289369	-84.8902383
36.3269871120003	-82.2953566872286
-22.4164578	-42.975194
34.50636609	-83.5831114
35.0362661646713	-85.2011424861554
37.1289771	-84.0832646
32.1094426	20.0714069
33.937517	-117.2305944
52.5434702	-0.1426749
40.4687525169439	-80.0628715192346
48.8471019	2.3297722
33.5798577902926	-112.224572517228
10.2704779	-61.3739866
42.8664049	-88.0705424
32.02192843	20.06458533
40.4964672	-77.4758231
46.4862975013539	-80.9993926513609
32.6537561	-83.7596294
32.8339728	13.2428282
34.2386265	-114.1521693
32.0958878	20.1019864
30.7920072137492	-83.7899565655849
52.6367811	-1.1312289
40.3640191	-74.6520588
42.3583127713724	-83.3667307940911
33.89329	-117.83173
28.0140726104245	-82.120411171168
34.83173831	-90.00306621
32.4553681	-106.4894389
35.9772350665239	-78.553625412314
38.3861194	-97.4279895
41.9558963	-78.6439164
41.2895038197364	-106.117439828529
-30.4700201760712	151.648568536942
33.8603322199906	-118.418647783011
43.76895481	-79.41238574
32.08410161	20.10513989
37.228554	-120.2481336
54.5493198417073	-1.55302828175998
40.78266344	-73.95222905
41.3094996	-105.5578685
32.07313867	20.05568964
32.885219	13.183517
47.1653321027847	19.41223440701
32.051440945948	-81.0763965205895
47.6290305	-122.3145451
38.6785145	-121.2257818
39.2085354	-84.5501874
32.183577	-110.831542
34.5805556	36.0486111
39.7077797	-97.4316035
47.8257091462155	-122.370482592254
44.6704475673429	10.048169597216
29.15749658	-98.86910473
42.0225972	-71.2433881
40.9503837748619	-90.3765411015674
32.37657244	15.08979737
-12.4596697	130.8406196
37.58161463	-122.34998984
40.868154	-73.425676
37.3312442998252	-122.179276840509
41.62354665	-0.87576325
40.1636674	47.8207423
0.0165932	37.0666023
39.6377309210942	-79.9463589173012
34.109617	-118.2911196
30.0474332	-99.1403189
42.5817416676192	-83.1457563004972
30.0856328087479	-85.6074963151395
34.67100196	-83.51290284
44.9055170984271	-92.9229656600245
40.9195047177443	-80.9963887415969
32.07683329	20.05283764
29.0998408742257	-80.9315647068163
33.8954096614382	-86.753162149471
32.1495726	35.2581494
47.2654296	11.3927685
52.3772	5.236775
7.1751725	3.3410746
37.3688301	-122.0363496
32.07243316	20.0987357
26.7321735270799	-80.9508723905639
44.7466003999353	-93.0661025262735
34.5191468311979	-89.7595632959015
53.5196493	-2.03892125
40.5429364678723	-105.057388747924
39.8379778820357	-100.189096034195
-41.2710849	173.2836756
36.3076940468404	-94.0813413014876
41.896114846465	-93.5971589736594
34.8558412	-82.4003981
55.5994952536405	-2.43560749738202
53.46691548	-2.2392927
35.1927458827978	-85.5205481654146
38.7420540436146	-13.1379437689524
47.5232595	-92.5365714
29.2934046118365	-97.1469370493943
32.9337191	-117.139696
28.3861159	-80.7419984
41.4306282	-73.4903071
34.343224	-78.1773971
38.5280766093451	-81.883824814031
30.5263853863551	-91.1946385816721
44.98063542	-93.403115
11.0580494	124.5638817
26.074862	-97.1610205
39.80450353	-75.04555216
32.8556163	13.1619124
30.542182	-98.350146
33.7601235	-117.4700595
42.8685062077466	-71.0434974005729
32.7638044	13.2815619
38.9109507	-77.04753334
32.8837467	13.1829599
37.9618669	-122.0282953
46.2333097	-63.1310277
44.6492936	-63.5760291
32.89404353	13.18441794
33.5323199939228	-84.6688518253009
30.0100878663113	-95.5859502078141
40.74707295	-73.98969597
-34.8914941	-56.09001615
33.46698	-86.230212
32.07648082	20.05257086
53.2011914373425	5.80677969721289
39.9386	-75.108633
36.3245177	-93.8778745
51.916667	-107.116667
40.050151533495	-84.7443209584134
37.889571904919	-122.315490843071
48.8443590323567	-95.7622964245267
38.66551057	-85.78249384
34.2467373326542	-84.4902216753415
32.8825563	13.1799946
42.0089345780612	-85.454758466424
42.0189894	-71.0078215
43.1091983	-85.5738535
42.06771613	-71.02202963
40.9353670832293	-88.2354339227362
-33.3896875	-66.4267498
38.8607692	-77.0448827
40.8372913	-73.8261098
-20.4652364	-54.6166934
32.07183475	20.09861051
29.59146341	-98.40661847
33.1974038260648	-86.2763867503188
32.07184693	20.09862091
40.1397515750873	-88.1996019877572
43.2258169939492	-75.4910902884648
29.3258140783076	-94.9387694462204
32.07683362	20.05283225
25.11453072	55.1907082
41.8183847	-81.0473194
39.8790439862616	-84.192917122419
29.67725576	-97.65315735
32.1084174	20.0739017
40.2184039	-79.4878157
35.850218525672	14.4827843534348
41.3211111	-72.3597222
32.7514383104651	-96.8401640187091
39.1417405	-84.485402
51.6565774911168	-0.39097060800469
34.9362098935616	-82.2342363805458
32.7705237076474	-117.020379704571
32.8481348	13.1344258
32.2609116525268	-90.4082749621609
55.861147	-4.2499891
40.7326897	-73.987188
39.1395052617269	-88.5616259673755
39.7014421818245	-75.1119290956794
32.12022131	20.05660283
43.61122255	-79.75352155
41.87050644	-87.84349863
32.4747553863867	-96.9861638765243
53.4515545875172	-2.23247995508276
38.91198101	-77.00748898
40.74441725	-73.65469178
32.8837286	13.1829907
39.2138911	-94.8306956
32.89092926	13.18565186
41.02763416	-74.51163182
41.3696517682503	-81.8644541790022
53.18433952181	-8.34759631189401
27.94797177	-82.50449072
31.969685	-83.78345
42.5939168	-86.1017009
39.095386	-77.1399798
32.05029792	20.03986661
34.73753	-96.69387795
41.6088652474708	-83.4837542207205
32.0768762	20.05287018
-25.516667	152.633333
45.3978606924963	-122.269237692258
30.7674191	20.2197728
32.7378447	12.6998079
43.6211955	-84.6824346
28.5551699785634	-81.3273080372196
44.5206916246321	-87.9853840498247
36.2615763323577	-80.8447514835494
34.9607282464684	-89.8484716135484
34.0289259	-84.198579
41.63857033	-72.72566459
40.2669286833138	-80.0095566680325
33.7337042460973	-85.285980784116
39.2094062818879	-93.5295264994069
22.6506098	120.5272814
35.0499390474613	-78.8311105117222
42.92178883	-87.98256174
26.1225	-80.171944
33.5560601719246	-79.0589438726861
38.8608210613776	-76.3356103207667
38.0259383029603	-78.4329233559615
51.7546064087246	-1.24093884487948
51.5476989975823	-0.534742115323228
51.43132031	-0.55357399
37.94933305	23.72006215
41.5947687160384	33.6556226908704
28.4555792120863	-81.4680067093193
38.392688	-121.5730111
13.7386689	-89.21704391
40.222634529434	-74.0108508550939
39.59059848	-74.3777046
34.9966535016066	-81.2344903387392
43.0736518	-78.3356849
33.75776857	-84.39485491
37.3112042	-83.3393462
39.3265717935221	-76.5083774093582
36.1579037012716	-81.8681280828768
35.5006003	-119.2820785
40.2422452619393	-76.9273794655021
51.510257984329	-0.141454275985512
33.9945905987891	-81.086999896253
40.6410415543925	-75.9100668294796
32.88328512	13.24059379
-15.7862543	35.0035694
53.2771514	-110.0060334
32.47276044	-84.95774494
30.6141919211771	-97.6726209121622
38.2783539	-101.2914515
28.1511243	-82.4614831
37.7825117721884	-79.443877165213
32.1094618	20.0712855
50.0537249	7.1347729
47.214826	16.4059288
0.9587545	0.4182712
46.0289061833448	-99.998954907721
41.1412078	-73.2637258
39.7419749846442	-105.212649996786
44.878546665118	8.18713519570755
32.87799643	-96.80208685
14.456914028435	121.005065480574
49.291215	-123.135311
41.5568521	-73.0029927
32.1146283	20.0605574
32.0768847	20.05277018
51.337701429329	0.529779537545545
24.5262250854887	-76.5554255067319
32.0578925	20.0778656
32.4208231	-81.7887489
40.2002112338794	-74.0336206142549
34.1743189980958	-88.722278922675
